[gd_scene load_steps=15 format=3 uid="uid://dk0av4tlip45w"]

[ext_resource type="PackedScene" uid="uid://f5q3lvkkp6et" path="res://World/Ocean/Ocean.tscn" id="1_cd52o"]
[ext_resource type="Script" path="res://GameManager.gd" id="1_gafx6"]
[ext_resource type="PackedScene" uid="uid://d3ovo2it7nbnh" path="res://Plane/airplane.tscn" id="1_niayg"]
[ext_resource type="Script" path="res://Plane/CameraFollow.gd" id="3_rpdqv"]
[ext_resource type="Shader" path="res://World/SpeedLines.gdshader" id="5_gpr4w"]
[ext_resource type="PackedScene" uid="uid://cl861nerpvmo8" path="res://AircraftCarrier/Aircraft_Carrier.tscn" id="5_oawla"]
[ext_resource type="Script" path="res://Plane/ScreenShake.gd" id="5_qhh85"]
[ext_resource type="Script" path="res://World/SpeedLinesEffect.gd" id="8_8lvy2"]
[ext_resource type="PackedScene" uid="uid://befsooyoi5ib3" path="res://GateCheckpoint/GateCheckpoint.tscn" id="9_2bf8e"]
[ext_resource type="Theme" uid="uid://b6n1yoly1eyhl" path="res://Theme/MainTheme.tres" id="11_3yveq"]
[ext_resource type="PackedScene" uid="uid://cg3m5qnyxjev4" path="res://sky/examples/sky.tscn" id="11_o2xs3"]

[sub_resource type="FastNoiseLite" id="FastNoiseLite_ko185"]
noise_type = 5
frequency = 0.2
fractal_type = 0

[sub_resource type="NoiseTexture2D" id="NoiseTexture2D_1tvyi"]
noise = SubResource("FastNoiseLite_ko185")

[sub_resource type="ShaderMaterial" id="ShaderMaterial_uiy3f"]
shader = ExtResource("5_gpr4w")
shader_parameter/line_color = Color(1, 1, 1, 0.45098)
shader_parameter/line_count = 1.15
shader_parameter/line_density = 0.224
shader_parameter/line_faloff = 0.567
shader_parameter/mask_size = 0.13
shader_parameter/mask_edge = 0.68
shader_parameter/animation_speed = 15.413
shader_parameter/noise = SubResource("NoiseTexture2D_1tvyi")

[node name="World" type="Node3D"]
script = ExtResource("1_gafx6")

[node name="Ocean" parent="." instance=ExtResource("1_cd52o")]
transform = Transform3D(0.999998, -0.00167487, 0.000804524, 0.0016722, 0.999993, 0.00332093, -0.000810061, -0.00331959, 0.999994, 0, 0, 0)

[node name="Airplane" parent="." instance=ExtResource("1_niayg")]
transform = Transform3D(0.195552, 0, -0.980693, 0, 1, 0, 0.980693, 0, 0.195552, -23.9878, 2.23225, 1.46834)
slide_on_ceiling = false

[node name="CameraTarget" type="Node3D" parent="Airplane"]
transform = Transform3D(1, 0, 1.63913e-07, 0, 1, 0, -1.63913e-07, 0, 1, -0.272615, 1.33387, 4.36149)

[node name="Camera" type="Camera3D" parent="." node_paths=PackedStringArray("target")]
transform = Transform3D(0.195552, 0, -0.980693, 0, 1, 0, 0.980693, 0, 0.195552, -25.7889, 3.25894, 1.84443)
current = true
fov = 66.6
far = 1000.0
script = ExtResource("3_rpdqv")
target = NodePath("../Airplane/CameraTarget")

[node name="AircraftCarrier" parent="." instance=ExtResource("5_oawla")]
transform = Transform3D(2.62268e-08, 0, -0.2, 0, 0.2, 0, 0.2, 0, 2.62268e-08, -11.3819, 0.379997, 0)

[node name="UtilityFunctions" type="Node3D" parent="."]
transform = Transform3D(0.195552, 0, -0.980693, 0, 1, 0, 0.980693, 0, 0.195552, -31.961, 4.05581, 2.36323)
script = ExtResource("5_qhh85")

[node name="Gates" type="Node" parent="."]

[node name="GateCheckpoint" parent="Gates" instance=ExtResource("9_2bf8e")]
transform = Transform3D(-4.37114e-08, 0, -1, 0, 1, 0, 1, 0, -4.37114e-08, 51.3455, 15.5557, 1)

[node name="GateCheckpoint2" parent="Gates" instance=ExtResource("9_2bf8e")]
transform = Transform3D(-0.999987, 0, 0.00502685, 0, 1, 0, -0.00502685, 0, -0.999987, 65.148, 25.1171, 30.5267)

[node name="GateCheckpoint3" parent="Gates" instance=ExtResource("9_2bf8e")]
transform = Transform3D(-0.639828, 0, 0.768518, 0, 1, 0, -0.768518, 0, -0.639828, 45.226, 25.1171, 65.935)

[node name="GateCheckpoint4" parent="Gates" instance=ExtResource("9_2bf8e")]
transform = Transform3D(-0.0729772, 0, 0.997334, 0, 1, 0, -0.997334, 0, -0.0729772, -15.9618, 25.1171, 74.361)

[node name="GateCheckpoint5" parent="Gates" instance=ExtResource("9_2bf8e")]
transform = Transform3D(0.755385, 0, 0.655281, 0, 1, 0, -0.655281, 0, 0.755385, -71.997, 25.1171, 67.726)

[node name="GateCheckpoint6" parent="Gates" instance=ExtResource("9_2bf8e")]
transform = Transform3D(0.967161, 0, -0.254163, 0, 1, 0, 0.254163, 0, 0.967161, -86.94, 19.1171, 34.8144)

[node name="GateCheckpoint7" parent="Gates" instance=ExtResource("9_2bf8e")]
transform = Transform3D(0.482166, 0, -0.876079, 0, 1, 0, 0.876079, 0, 0.482166, -72.3888, 12.7952, 5.266)

[node name="UI" type="Control" parent="."]
layout_mode = 3
anchor_right = 1.001
anchor_bottom = 1.003
offset_right = -0.1521
offset_bottom = 0.0559692

[node name="CheckpointsPassedOverlay" type="CenterContainer" parent="UI"]
visible = false
layout_mode = 1
anchors_preset = 15
anchor_right = 1.0
anchor_bottom = 1.0
grow_horizontal = 2
grow_vertical = 2

[node name="VBoxContainer" type="VBoxContainer" parent="UI/CheckpointsPassedOverlay"]
layout_mode = 2

[node name="Label" type="Label" parent="UI/CheckpointsPassedOverlay/VBoxContainer"]
layout_mode = 2
theme = ExtResource("11_3yveq")
theme_type_variation = &"HeaderLarge"
theme_override_font_sizes/font_size = 60
text = "All Checkpoints Completed"
horizontal_alignment = 1
uppercase = true

[node name="Label2" type="Label" parent="UI/CheckpointsPassedOverlay/VBoxContainer"]
layout_mode = 2
theme = ExtResource("11_3yveq")
theme_type_variation = &"HeaderLarge"
theme_override_font_sizes/font_size = 30
text = "land to complete"
horizontal_alignment = 1
uppercase = true

[node name="PlayerCrashedOverlay" type="CenterContainer" parent="UI"]
visible = false
layout_mode = 1
anchors_preset = 15
anchor_right = 1.0
anchor_bottom = 1.0
grow_horizontal = 2
grow_vertical = 2

[node name="VBoxContainer" type="VBoxContainer" parent="UI/PlayerCrashedOverlay"]
layout_mode = 2

[node name="Label" type="Label" parent="UI/PlayerCrashedOverlay/VBoxContainer"]
layout_mode = 2
theme = ExtResource("11_3yveq")
theme_type_variation = &"HeaderLarge"
theme_override_font_sizes/font_size = 60
text = "CRASHED!"
horizontal_alignment = 1
uppercase = true

[node name="TrainingCompleteOverlay" type="CenterContainer" parent="UI"]
visible = false
layout_mode = 1
anchors_preset = 15
anchor_right = 1.0
anchor_bottom = 1.0
grow_horizontal = 2
grow_vertical = 2

[node name="VBoxContainer" type="VBoxContainer" parent="UI/TrainingCompleteOverlay"]
layout_mode = 2

[node name="Label" type="Label" parent="UI/TrainingCompleteOverlay/VBoxContainer"]
layout_mode = 2
theme = ExtResource("11_3yveq")
theme_type_variation = &"HeaderLarge"
theme_override_font_sizes/font_size = 60
text = "Mission Complete!"
horizontal_alignment = 1
uppercase = true

[node name="SpeedLinesCameraEffect" type="ColorRect" parent="UI"]
material = SubResource("ShaderMaterial_uiy3f")
layout_mode = 1
anchors_preset = 15
anchor_right = 1.0
anchor_bottom = 1.0
grow_horizontal = 2
grow_vertical = 2
script = ExtResource("8_8lvy2")

[node name="Sky" parent="." instance=ExtResource("11_o2xs3")]
transform = Transform3D(1, 0, 0, 0, 1, 0, 0, 0, 1, -27.014, 5.99028, 0.6255)
