[gd_scene load_steps=12 format=3 uid="uid://bxvx41mmhya6s"]

[ext_resource type="PackedScene" uid="uid://dkvfdnk8re6tn" path="res://Props/FuelCan/fuel can.glb" id="1_mtaa2"]
[ext_resource type="Script" path="res://Props/FuelCan/fuel_can.gd" id="1_qu8t7"]
[ext_resource type="AudioStream" uid="uid://bn7f1rbopiady" path="res://Assets/SoundFX/objectives-complete.wav" id="3_1bpw0"]

[sub_resource type="StandardMaterial3D" id="StandardMaterial3D_i78t6"]
transparency = 1
shading_mode = 0
vertex_color_use_as_albedo = true

[sub_resource type="Curve" id="Curve_aauds"]
_data = [Vector2(0, 0), 0.0, 0.0, 0, 0, Vector2(0.494253, 0.318681), 0.0, 0.0, 0, 0, Vector2(1, 0), 0.0, 0.0, 0, 0]
point_count = 3

[sub_resource type="CurveTexture" id="CurveTexture_mml4l"]
curve = SubResource("Curve_aauds")

[sub_resource type="Gradient" id="Gradient_xc4eg"]
offsets = PackedFloat32Array(0, 0.39726)
colors = PackedColorArray(1, 1, 1, 1, 0, 3, 3, 1)

[sub_resource type="GradientTexture1D" id="GradientTexture1D_idd74"]
gradient = SubResource("Gradient_xc4eg")

[sub_resource type="ParticleProcessMaterial" id="ParticleProcessMaterial_uabby"]
emission_shape = 6
emission_ring_axis = Vector3(0, 1, 0)
emission_ring_height = 0.0
emission_ring_radius = 1.4
emission_ring_inner_radius = 1.3
gravity = Vector3(0, 2, 0)
color_ramp = SubResource("GradientTexture1D_idd74")
alpha_curve = SubResource("CurveTexture_mml4l")

[sub_resource type="CapsuleMesh" id="CapsuleMesh_2whe7"]
radius = 0.05
height = 0.3
radial_segments = 5
rings = 4

[sub_resource type="SphereShape3D" id="SphereShape3D_1mdr1"]
radius = 1.5

[node name="FuelCan" type="Node3D"]
transform = Transform3D(-0.983373, 0, -0.181598, 0, 1, 0, 0.181598, 0, -0.983373, 0, 0, 0)
script = ExtResource("1_qu8t7")

[node name="fuel can" parent="." instance=ExtResource("1_mtaa2")]

[node name="GPUParticles3D" type="GPUParticles3D" parent="."]
transform = Transform3D(0.150197, 0, -0.988656, 0, 1, 0, 0.988656, 0, 0.150197, 0, -0.649999, 0)
material_override = SubResource("StandardMaterial3D_i78t6")
amount = 45
lifetime = 1.8
process_material = SubResource("ParticleProcessMaterial_uabby")
draw_pass_1 = SubResource("CapsuleMesh_2whe7")

[node name="Area3D" type="Area3D" parent="."]
transform = Transform3D(0.751724, 0, -0.659477, 0, 1, 0, 0.659477, 0, 0.751724, 0, 0.427296, 0)

[node name="CollisionShape3D" type="CollisionShape3D" parent="Area3D"]
shape = SubResource("SphereShape3D_1mdr1")

[node name="SFX" type="AudioStreamPlayer2D" parent="."]
stream = ExtResource("3_1bpw0")
volume_db = -8.639
pitch_scale = 0.64
